0.01;69.25
0.02;69.25
0.03;69.25
0.04;69.375
0.05;69.75
0.06;70.375
0.07;71.1875
0.08;72.1875
0.09;73.25
0.1;74.625
0.11;76.3125
0.12;78.4375
0.13;80.9375
0.14;83.75
0.15;86.625
0.16;89.625
0.17;92.625
0.18;95.75
0.19;98.875
0.2;102.125
0.21;105.375
0.22;108.75
0.23;112.25
0.24;115.625
0.25;119.0
0.26;122.375
0.27;125.6875
0.28;128.9375
0.29;132.0625
0.3;135.25
0.31;138.25
0.32;141.125
0.33;144.0
0.34;146.75
0.35;149.4375
0.36;152.0
0.37;154.5
0.38;156.875
0.39;158.9375
0.4;160.1875
0.41;160.5
0.42;160.5
0.43;160.5
0.44;160.5
0.45;160.5
0.46;160.5
0.47;160.5
0.48;160.5
0.49;160.5
0.5;160.5
0.51;160.5
0.52;160.5
0.53;160.5
0.54;160.5
0.55;160.5
0.56;160.5
0.57;160.5
0.58;160.5
